a660abb2-949b-4df2-bf27-c5c7236e2b01
05fe2e90-4366-4225-af5a-d1d07019e97f
4698e8a2-a5dd-4d62-bb02-95256bb2a71f
df71572f-1002-4714-91a3-e76cbdf30829
ee384d16-a4a5-4f40-9dd7-1122cc7434af
6c35c611-1cfe-4553-a547-819fbebbe585
2d15e899-bc63-49ac-9c8d-7fc8278c4884
5e66eca1-1589-4384-91ef-b31e68e6e90a
837f666a-7de1-45ca-aeed-f070145b9f63
177cc700-573b-4ed3-a9fe-e8a67a711ec0


[0.046, 0.0588, 0.0898, 0.1085, 0.126, 0.1726, 0.1529]
-0.1399
-0.15005
-0.15379444444444443
-0.15669444444444441
-0.1609064444444444
-0.16708977777777775
-0.02386996825396825
0.0357


[0.0148, 0.0243, 0.0361, 0.0323, 0.0341, 0.0428, 0.0512]
-0.0127
-0.03232499999999999
-0.042969444444444435
-0.05145069444444444
-0.05451869444444444
-0.05971869444444444
-0.008531242063492064
0.0125